5
"cos#beta" "" "\cos\beta" ""
"cos#beta_{3D}" "" "\cos\beta\3D" ""
"#delta_{p_{T}}" "" "\delta\p\T" ""
"p_{n}" "" "\p\n" ""
"bin number" "bin number" "" ""
5
"events"
1 0 6 -1 -0.5 0.25 0.5 0.75 1
0
5
0 1 1
1 1 2
2 1 3
3 1 4
4 1 5
"events"
1 1 6 -1 0 0.25 0.5 0.75 1
0
5
5 1 1
6 1 2
7 1 3
8 1 4
9 1 5
"events"
1 2 6 0 0.15 0.3 0.45 0.6 1.1
0
5
10 1 1
11 1 2
12 1 3
13 1 4
14 1 5
"events"
1 3 7 0 0.2 0.35 0.5 0.65 0.8 1.4
0
6
15 1 1
16 1 2
17 1 3
18 1 4
19 1 5
20 1 6
"events"
1 4 22 0 1 2 3 4 5 6 7 8 9 10 11 12 13 14 15 16 17 18 19 20 21
0
21
0 1 1
1 1 2
2 1 3
3 1 4
4 1 5
5 1 6
6 1 7
7 1 8
8 1 9
9 1 10
10 1 11
11 1 12
12 1 13
13 1 14
14 1 15
15 1 16
16 1 17
17 1 18
18 1 19
19 1 20
20 1 21