7
"p_{n} [GeV]" "" "p_{n} [GeV]" ""
"#alpha_{3D}" "" "\alpha_{3D}" ""
"#phi_{3D}" "" "\phi_{3D}" ""
"p_{#mu} [GeV]" "" "p_{\mu} [GeV]" ""
"p_{#pi} [GeV]" "" "p_{\pi} [GeV]" ""
"p_{p} [GeV]" "" "p_{p} [GeV]" ""
"bin number" "bin number" "" ""
7
"events"
1 0 7 0 0.12 0.24 0.39 0.54 0.69 1.2
0
6
0 1 1
1 1 2
2 1 3
3 1 4
4 1 5
5 1 6
"events"
1 1 7 0 62 98 122 140 160 180
0
6
6 1 1
7 1 2
8 1 3
9 1 4
10 1 5
11 1 6
"events"
1 2 7 0 62 98 122 140 160 180
0
6
12 1 1
13 1 2
14 1 3
15 1 4
16 1 5
17 1 6
"events"
1 3 40 0.15 0.17625 0.2025 0.22875 0.255 0.28125 0.3075 0.33375 0.36 0.38625 0.4125 0.43875 0.465 0.49125 0.5175 0.54375 0.57 0.59625 0.6225 0.64875 0.675 0.70125 0.7275 0.75375 0.78 0.80625 0.8325 0.85875 0.885 0.91125 0.9375 0.96375 0.99 1.01625 1.0425 1.06875 1.095 1.12125 1.1475 1.17375
0
39
18 1 1
19 1 2
20 1 3
21 1 4
22 1 5
23 1 6
24 1 7
25 1 8
26 1 9
27 1 10
28 1 11
29 1 12
30 1 13
31 1 14
32 1 15
33 1 16
34 1 17
35 1 18
36 1 19
37 1 20
38 1 21
39 1 22
40 1 23
41 1 24
42 1 25
43 1 26
44 1 27
45 1 28
46 1 29
47 1 30
48 1 31
49 1 32
50 1 33
51 1 34
52 1 35
53 1 36
54 1 37
55 1 38
56 1 39
"events"
1 4 41 0.05 0.06375 0.0775 0.09125 0.105 0.11875 0.1325 0.14625 0.16 0.17375 0.1875 0.20125 0.215 0.22875 0.2425 0.25625 0.27 0.28375 0.2975 0.31125 0.325 0.33875 0.3525 0.36625 0.38 0.39375 0.4075 0.42125 0.435 0.44875 0.4625 0.47625 0.49 0.50375 0.5175 0.53125 0.545 0.55875 0.5725 0.58625 0.6
0
40
57 1 1
58 1 2
59 1 3
60 1 4
61 1 5
62 1 6
63 1 7
64 1 8
65 1 9
66 1 10
67 1 11
68 1 12
69 1 13
70 1 14
71 1 15
72 1 16
73 1 17
74 1 18
75 1 19
76 1 20
77 1 21
78 1 22
79 1 23
80 1 24
81 1 25
82 1 26
83 1 27
84 1 28
85 1 29
86 1 30
87 1 31
88 1 32
89 1 33
90 1 34
91 1 35
92 1 36
93 1 37
94 1 38
95 1 39
96 1 40
"events"
1 5 41 0.3 0.3175 0.335 0.3525 0.37 0.3875 0.405 0.4225 0.44 0.4575 0.475 0.4925 0.51 0.5275 0.545 0.5625 0.58 0.5975 0.615 0.6325 0.65 0.6675 0.685 0.7025 0.72 0.7375 0.755 0.7725 0.79 0.8075 0.825 0.8425 0.86 0.8775 0.895 0.9125 0.93 0.9475 0.965 0.9825 1
0
40
97 1 1
98 1 2
99 1 3
100 1 4
101 1 5
102 1 6
103 1 7
104 1 8
105 1 9
106 1 10
107 1 11
108 1 12
109 1 13
110 1 14
111 1 15
112 1 16
113 1 17
114 1 18
115 1 19
116 1 20
117 1 21
118 1 22
119 1 23
120 1 24
121 1 25
122 1 26
123 1 27
124 1 28
125 1 29
126 1 30
127 1 31
128 1 32
129 1 33
130 1 34
131 1 35
132 1 36
133 1 37
134 1 38
135 1 39
136 1 40
"events"
1 6 138 0 1 2 3 4 5 6 7 8 9 10 11 12 13 14 15 16 17 18 19 20 21 22 23 24 25 26 27 28 29 30 31 32 33 34 35 36 37 38 39 40 41 42 43 44 45 46 47 48 49 50 51 52 53 54 55 56 57 58 59 60 61 62 63 64 65 66 67 68 69 70 71 72 73 74 75 76 77 78 79 80 81 82 83 84 85 86 87 88 89 90 91 92 93 94 95 96 97 98 99 100 101 102 103 104 105 106 107 108 109 110 111 112 113 114 115 116 117 118 119 120 121 122 123 124 125 126 127 128 129 130 131 132 133 134 135 136 137
0
137
0 1 1
1 1 2
2 1 3
3 1 4
4 1 5
5 1 6
6 1 7
7 1 8
8 1 9
9 1 10
10 1 11
11 1 12
12 1 13
13 1 14
14 1 15
15 1 16
16 1 17
17 1 18
18 1 19
19 1 20
20 1 21
21 1 22
22 1 23
23 1 24
24 1 25
25 1 26
26 1 27
27 1 28
28 1 29
29 1 30
30 1 31
31 1 32
32 1 33
33 1 34
34 1 35
35 1 36
36 1 37
37 1 38
38 1 39
39 1 40
40 1 41
41 1 42
42 1 43
43 1 44
44 1 45
45 1 46
46 1 47
47 1 48
48 1 49
49 1 50
50 1 51
51 1 52
52 1 53
53 1 54
54 1 55
55 1 56
56 1 57
57 1 58
58 1 59
59 1 60
60 1 61
61 1 62
62 1 63
63 1 64
64 1 65
65 1 66
66 1 67
67 1 68
68 1 69
69 1 70
70 1 71
71 1 72
72 1 73
73 1 74
74 1 75
75 1 76
76 1 77
77 1 78
78 1 79
79 1 80
80 1 81
81 1 82
82 1 83
83 1 84
84 1 85
85 1 86
86 1 87
87 1 88
88 1 89
89 1 90
90 1 91
91 1 92
92 1 93
93 1 94
94 1 95
95 1 96
96 1 97
97 1 98
98 1 99
99 1 100
100 1 101
101 1 102
102 1 103
103 1 104
104 1 105
105 1 106
106 1 107
107 1 108
108 1 109
109 1 110
110 1 111
111 1 112
112 1 113
113 1 114
114 1 115
115 1 116
116 1 117
117 1 118
118 1 119
119 1 120
120 1 121
121 1 122
122 1 123
123 1 124
124 1 125
125 1 126
126 1 127
127 1 128
128 1 129
129 1 130
130 1 131
131 1 132
132 1 133
133 1 134
134 1 135
135 1 136
136 1 137