5
"muon mom" " GeV/c" "P_{\mu}" " GeV/c"
" cos#theta" " " " \cos\theta" " "
"cos#theta" " p_{#mu}" "P_{\mu}" " GeV/c"
" GeV/c" "" " \cos\theta" " "
"bin number" "bin number" "" ""
20
"events"
1 0 5 -1 -0.55 0 0.45 1
1 1 0.1 0.24
4
0 1 1
1 1 2
2 1 3
3 1 4
"events"
1 0 8 -1 -0.55 -0.25 0 0.25 0.45 0.7 1
1 1 0.24 0.3
7
4 1 1
5 1 2
6 1 3
7 1 4
8 1 5
9 1 6
10 1 7
"events"
1 0 9 -1 -0.4 -0.1 0.1 0.35 0.5 0.7 0.85 1
1 1 0.3 0.38
8
11 1 1
12 1 2
13 1 3
14 1 4
15 1 5
16 1 6
17 1 7
18 1 8
"events"
1 0 7 -1 0 0.5 0.65 0.8 0.92 1
1 1 0.38 0.48
6
19 1 1
20 1 2
21 1 3
22 1 4
23 1 5
24 1 6
"events"
1 0 8 -1 0.2 0.5 0.65 0.8 0.875 0.95 1
1 1 0.48 0.7
7
25 1 1
26 1 2
27 1 3
28 1 4
29 1 5
30 1 6
31 1 7
"events"
1 0 6 -1 0.65 0.8 0.875 0.95 1
1 1 0.7 0.85
5
32 1 1
33 1 2
34 1 3
35 1 4
36 1 5
"events"
1 0 5 -1 0.85 0.9 0.95 1
1 1 0.85 1.28
4
37 1 1
38 1 2
39 1 3
40 1 4
"events"
1 0 3 -1 0.85 1
1 1 1.28 1.58
2
41 1 1
42 1 2
"events"
1 0 3 -1 0.85 1
1 1 1.58 2
2
43 1 1
44 1 2
"events"
1 2 5 -1 -0.55 0 0.45 1
1 3 0.1 0.24
4
45 1 1
46 1 2
47 1 3
48 1 4
"events"
1 2 8 -1 -0.55 -0.25 0 0.25 0.45 0.7 1
1 3 0.24 0.3
7
49 1 1
50 1 2
51 1 3
52 1 4
53 1 5
54 1 6
55 1 7
"events"
1 2 9 -1 -0.4 -0.1 0.1 0.35 0.5 0.7 0.85 1
1 3 0.3 0.38
8
56 1 1
57 1 2
58 1 3
59 1 4
60 1 5
61 1 6
62 1 7
63 1 8
"events"
1 2 7 -1 0 0.5 0.65 0.8 0.92 1
1 3 0.38 0.48
6
64 1 1
65 1 2
66 1 3
67 1 4
68 1 5
69 1 6
"events"
1 2 8 -1 0.2 0.5 0.65 0.8 0.875 0.95 1
1 3 0.48 0.7
7
70 1 1
71 1 2
72 1 3
73 1 4
74 1 5
75 1 6
76 1 7
"events"
1 2 6 -1 0.65 0.8 0.875 0.95 1
1 3 0.7 0.85
5
77 1 1
78 1 2
79 1 3
80 1 4
81 1 5
"events"
1 2 5 -1 0.85 0.9 0.95 1
1 3 0.85 1.28
4
82 1 1
83 1 2
84 1 3
85 1 4
"events"
1 2 3 -1 0.85 1
1 3 1.28 1.58
2
86 1 1
87 1 2
"events"
1 2 3 -1 0.85 1
1 3 1.58 2
2
88 1 1
89 1 2
"events"
1 4 91 0 1 2 3 4 5 6 7 8 9 10 11 12 13 14 15 16 17 18 19 20 21 22 23 24 25 26 27 28 29 30 31 32 33 34 35 36 37 38 39 40 41 42 43 44 45 46 47 48 49 50 51 52 53 54 55 56 57 58 59 60 61 62 63 64 65 66 67 68 69 70 71 72 73 74 75 76 77 78 79 80 81 82 83 84 85 86 87 88 89 90
0
90
0 1 1
1 1 2
2 1 3
3 1 4
4 1 5
5 1 6
6 1 7
7 1 8
8 1 9
9 1 10
10 1 11
11 1 12
12 1 13
13 1 14
14 1 15
15 1 16
16 1 17
17 1 18
18 1 19
19 1 20
20 1 21
21 1 22
22 1 23
23 1 24
24 1 25
25 1 26
26 1 27
27 1 28
28 1 29
29 1 30
30 1 31
31 1 32
32 1 33
33 1 34
34 1 35
35 1 36
36 1 37
37 1 38
38 1 39
39 1 40
40 1 41
41 1 42
42 1 43
43 1 44
44 1 45
45 1 46
46 1 47
47 1 48
48 1 49
49 1 50
50 1 51
51 1 52
52 1 53
53 1 54
54 1 55
55 1 56
56 1 57
57 1 58
58 1 59
59 1 60
60 1 61
61 1 62
62 1 63
63 1 64
64 1 65
65 1 66
66 1 67
67 1 68
68 1 69
69 1 70
70 1 71
71 1 72
72 1 73
73 1 74
74 1 75
75 1 76
76 1 77
77 1 78
78 1 79
79 1 80
80 1 81
81 1 82
82 1 83
83 1 84
84 1 85
85 1 86
86 1 87
87 1 88
88 1 89
89 1 90
"events"
1 5 31 0.25 0.41 0.495 0.56 0.62 0.68 0.74 0.8 0.87 0.93 1.2 0.1 0.24 0.3 0.38 0.48 0.7 0.85 1.28 1.58 2 -1 -0.5 0 0.27 0.45 0.62 0.76 0.86 0.94 1
0
28
90 1 1
91 1 2
92 1 3
93 1 4
94 1 5
95 1 6
96 1 7
97 1 8
98 1 9
99 1 10
100 1 11
101 1 12
102 1 13
103 1 14
104 1 15
105 1 16
106 1 17
107 1 18
108 1 19
109 1 20
110 1 21
111 1 22
112 1 23
113 1 24
114 1 25
115 1 26
116 1 27
117 1 28